7 9 -1
33 18 -1
10 32 -1
24 38 -1
3 29 -1
0 5 -1
12 2 -1
27 23 -1
7 9 -1
0 12 -1
23 9 -1
29 37 -1
0 13 -1
19 38 -1
16 15 -1
17 26 -1
32 27 -1
10 33 -1
19 29 -1
19 21 -1
7 32 -1
33 16 -1
5 25 -1
28 11 -1
34 37 -1
1 33 -1
28 24 -1
28 10 -1
4 36 -1
10 23 -1
2 26 -1
29 24 -1
1 13 -1
17 8 -1
28 13 -1
18 21 -1
35 13 -1
25 14 -1
23 16 -1
25 29 -1
35 14 -1
29 21 -1
37 35 -1
25 4 -1
11 18 -1
28 3 -1
25 2 -1
32 6 -1
36 17 -1
38 24 -1
21 17 -1
31 28 -1
17 38 -1
17 37 -1
14 24 -1
9 31 -1
25 15 -1
35 18 -1
22 39 -1
8 12 -1
20 37 -1
34 8 -1
35 8 -1
33 10 -1
6 2 -1
22 5 -1
2 12 -1
7 21 -1
15 32 -1
31 21 -1
30 31 -1
18 17 -1
16 30 -1
0 39 -1
15 6 -1
12 18 -1
15 39 -1
14 23 -1
9 0 -1
25 6 -1
3 26 -1
13 10 -1
38 14 -1
20 4 -1
6 14 -1
26 34 -1
3 18 -1
4 30 -1
30 39 -1
23 27 -1
25 17 -1
32 19 -1
7 25 -1
16 5 -1
23 20 -1
24 8 -1
15 35 -1
25 14 -1
2 11 -1
39 32 -1
